#           k/h    P           
    0.10000E-03    0.48832E+03
    0.10202E-03    0.49778E+03
    0.10408E-03    0.50743E+03
    0.10618E-03    0.51726E+03
    0.10833E-03    0.52728E+03
    0.11052E-03    0.53749E+03
    0.11275E-03    0.54791E+03
    0.11503E-03    0.55852E+03
    0.11735E-03    0.56934E+03
    0.11972E-03    0.58037E+03
    0.12214E-03    0.59161E+03
    0.12461E-03    0.60307E+03
    0.12712E-03    0.61475E+03
    0.12969E-03    0.62665E+03
    0.13231E-03    0.63879E+03
    0.13499E-03    0.65116E+03
    0.13771E-03    0.66377E+03
    0.14049E-03    0.67663E+03
    0.14333E-03    0.68973E+03
    0.14623E-03    0.70308E+03
    0.14918E-03    0.71670E+03
    0.15220E-03    0.73057E+03
    0.15527E-03    0.74472E+03
    0.15841E-03    0.75914E+03
    0.16161E-03    0.77383E+03
    0.16487E-03    0.78881E+03
    0.16820E-03    0.80408E+03
    0.17160E-03    0.81964E+03
    0.17507E-03    0.83551E+03
    0.17860E-03    0.85168E+03
    0.18221E-03    0.86816E+03
    0.18589E-03    0.88496E+03
    0.18965E-03    0.90208E+03
    0.19348E-03    0.91953E+03
    0.19739E-03    0.93732E+03
    0.20138E-03    0.95545E+03
    0.20544E-03    0.97393E+03
    0.20959E-03    0.99277E+03
    0.21383E-03    0.10120E+04
    0.21815E-03    0.10315E+04
    0.22255E-03    0.10515E+04
    0.22705E-03    0.10718E+04
    0.23164E-03    0.10925E+04
    0.23632E-03    0.11136E+04
    0.24109E-03    0.11352E+04
    0.24596E-03    0.11571E+04
    0.25093E-03    0.11795E+04
    0.25600E-03    0.12023E+04
    0.26117E-03    0.12255E+04
    0.26645E-03    0.12491E+04
    0.27183E-03    0.12733E+04
    0.27732E-03    0.12979E+04
    0.28292E-03    0.13229E+04
    0.28864E-03    0.13484E+04
    0.29447E-03    0.13745E+04
    0.30042E-03    0.14010E+04
    0.30649E-03    0.14280E+04
    0.31268E-03    0.14556E+04
    0.31899E-03    0.14836E+04
    0.32544E-03    0.15122E+04
    0.33201E-03    0.15414E+04
    0.33872E-03    0.15711E+04
    0.34556E-03    0.16014E+04
    0.35254E-03    0.16322E+04
    0.35966E-03    0.16637E+04
    0.36693E-03    0.16957E+04
    0.37434E-03    0.17283E+04
    0.38190E-03    0.17616E+04
    0.38962E-03    0.17955E+04
    0.39749E-03    0.18300E+04
    0.40552E-03    0.18652E+04
    0.41371E-03    0.19011E+04
    0.42207E-03    0.19376E+04
    0.43060E-03    0.19748E+04
    0.43929E-03    0.20127E+04
    0.44817E-03    0.20514E+04
    0.45722E-03    0.20907E+04
    0.46646E-03    0.21308E+04
    0.47588E-03    0.21717E+04
    0.48550E-03    0.22133E+04
    0.49530E-03    0.22557E+04
    0.50531E-03    0.22989E+04
    0.51552E-03    0.23429E+04
    0.52593E-03    0.23877E+04
    0.53656E-03    0.24334E+04
    0.54739E-03    0.24799E+04
    0.55845E-03    0.25273E+04
    0.56973E-03    0.25756E+04
    0.58124E-03    0.26247E+04
    0.59299E-03    0.26748E+04
    0.60496E-03    0.27258E+04
    0.61719E-03    0.27777E+04
    0.62965E-03    0.28306E+04
    0.64237E-03    0.28845E+04
    0.65535E-03    0.29393E+04
    0.66859E-03    0.29952E+04
    0.68210E-03    0.30521E+04
    0.69588E-03    0.31100E+04
    0.70993E-03    0.31690E+04
    0.72427E-03    0.32291E+04
    0.73891E-03    0.32902E+04
    0.75383E-03    0.33525E+04
    0.76906E-03    0.34158E+04
    0.78460E-03    0.34804E+04
    0.80045E-03    0.35461E+04
    0.81662E-03    0.36130E+04
    0.83311E-03    0.36810E+04
    0.84994E-03    0.37503E+04
    0.86711E-03    0.38209E+04
    0.88463E-03    0.38926E+04
    0.90250E-03    0.39657E+04
    0.92073E-03    0.40400E+04
    0.93933E-03    0.41157E+04
    0.95831E-03    0.41927E+04
    0.97767E-03    0.42711E+04
    0.99742E-03    0.43508E+04
    0.10176E-02    0.44319E+04
    0.10381E-02    0.45144E+04
    0.10591E-02    0.45984E+04
    0.10805E-02    0.46838E+04
    0.11023E-02    0.47707E+04
    0.11246E-02    0.48590E+04
    0.11473E-02    0.49489E+04
    0.11705E-02    0.50403E+04
    0.11941E-02    0.51333E+04
    0.12182E-02    0.52278E+04
    0.12429E-02    0.53239E+04
    0.12680E-02    0.54216E+04
    0.12936E-02    0.55210E+04
    0.13197E-02    0.56219E+04
    0.13464E-02    0.57246E+04
    0.13736E-02    0.58289E+04
    0.14013E-02    0.59350E+04
    0.14296E-02    0.60428E+04
    0.14585E-02    0.61523E+04
    0.14880E-02    0.62635E+04
    0.15180E-02    0.63766E+04
    0.15487E-02    0.64914E+04
    0.15800E-02    0.66081E+04
    0.16119E-02    0.67266E+04
    0.16445E-02    0.68469E+04
    0.16777E-02    0.69691E+04
    0.17116E-02    0.70932E+04
    0.17462E-02    0.72192E+04
    0.17814E-02    0.73470E+04
    0.18174E-02    0.74768E+04
    0.18541E-02    0.76085E+04
    0.18916E-02    0.77422E+04
    0.19298E-02    0.78778E+04
    0.19688E-02    0.80154E+04
    0.20086E-02    0.81550E+04
    0.20491E-02    0.82966E+04
    0.20905E-02    0.84402E+04
    0.21328E-02    0.85858E+04
    0.21758E-02    0.87334E+04
    0.22198E-02    0.88831E+04
    0.22646E-02    0.90348E+04
    0.23104E-02    0.91885E+04
    0.23571E-02    0.93443E+04
    0.24047E-02    0.95021E+04
    0.24533E-02    0.96619E+04
    0.25028E-02    0.98238E+04
    0.25534E-02    0.99878E+04
    0.26050E-02    0.10154E+05
    0.26576E-02    0.10322E+05
    0.27113E-02    0.10492E+05
    0.27660E-02    0.10664E+05
    0.28219E-02    0.10838E+05
    0.28789E-02    0.11014E+05
    0.29371E-02    0.11192E+05
    0.29964E-02    0.11372E+05
    0.30569E-02    0.11554E+05
    0.31187E-02    0.11739E+05
    0.31817E-02    0.11925E+05
    0.32460E-02    0.12112E+05
    0.33115E-02    0.12302E+05
    0.33784E-02    0.12494E+05
    0.34467E-02    0.12688E+05
    0.35163E-02    0.12883E+05
    0.35874E-02    0.13080E+05
    0.36598E-02    0.13279E+05
    0.37338E-02    0.13480E+05
    0.38092E-02    0.13682E+05
    0.38861E-02    0.13886E+05
    0.39646E-02    0.14092E+05
    0.40447E-02    0.14299E+05
    0.41264E-02    0.14507E+05
    0.42098E-02    0.14718E+05
    0.42948E-02    0.14929E+05
    0.43816E-02    0.15142E+05
    0.44701E-02    0.15356E+05
    0.45604E-02    0.15572E+05
    0.46525E-02    0.15788E+05
    0.47465E-02    0.16006E+05
    0.48424E-02    0.16225E+05
    0.49402E-02    0.16445E+05
    0.50400E-02    0.16665E+05
    0.51419E-02    0.16887E+05
    0.52457E-02    0.17109E+05
    0.53517E-02    0.17331E+05
    0.54598E-02    0.17555E+05
    0.55701E-02    0.17778E+05
    0.56826E-02    0.18003E+05
    0.57974E-02    0.18228E+05
    0.59145E-02    0.18452E+05
    0.60340E-02    0.18676E+05
    0.61559E-02    0.18900E+05
    0.62803E-02    0.19124E+05
    0.64072E-02    0.19348E+05
    0.65366E-02    0.19571E+05
    0.66686E-02    0.19793E+05
    0.68033E-02    0.20015E+05
    0.69408E-02    0.20235E+05
    0.70810E-02    0.20455E+05
    0.72240E-02    0.20673E+05
    0.73700E-02    0.20890E+05
    0.75189E-02    0.21104E+05
    0.76708E-02    0.21318E+05
    0.78257E-02    0.21529E+05
    0.79838E-02    0.21739E+05
    0.81451E-02    0.21946E+05
    0.83096E-02    0.22150E+05
    0.84775E-02    0.22352E+05
    0.86488E-02    0.22551E+05
    0.88235E-02    0.22747E+05
    0.90017E-02    0.22940E+05
    0.91836E-02    0.23129E+05
    0.93691E-02    0.23315E+05
    0.95583E-02    0.23496E+05
    0.97514E-02    0.23673E+05
    0.99484E-02    0.23846E+05
    0.10149E-01    0.24014E+05
    0.10354E-01    0.24178E+05
    0.10564E-01    0.24336E+05
    0.10777E-01    0.24488E+05
    0.10995E-01    0.24635E+05
    0.11217E-01    0.24776E+05
    0.11443E-01    0.24911E+05
    0.11675E-01    0.25039E+05
    0.11910E-01    0.25161E+05
    0.12151E-01    0.25275E+05
    0.12397E-01    0.25383E+05
    0.12647E-01    0.25482E+05
    0.12902E-01    0.25574E+05
    0.13163E-01    0.25658E+05
    0.13429E-01    0.25733E+05
    0.13700E-01    0.25799E+05
    0.13977E-01    0.25857E+05
    0.14259E-01    0.25905E+05
    0.14547E-01    0.25944E+05
    0.14841E-01    0.25973E+05
    0.15141E-01    0.25992E+05
    0.15447E-01    0.26000E+05
    0.15759E-01    0.25998E+05
    0.16077E-01    0.25986E+05
    0.16402E-01    0.25962E+05
    0.16734E-01    0.25927E+05
    0.17072E-01    0.25880E+05
    0.17416E-01    0.25822E+05
    0.17768E-01    0.25752E+05
    0.18127E-01    0.25670E+05
    0.18493E-01    0.25576E+05
    0.18867E-01    0.25470E+05
    0.19248E-01    0.25351E+05
    0.19637E-01    0.25220E+05
    0.20034E-01    0.25076E+05
    0.20438E-01    0.24920E+05
    0.20851E-01    0.24752E+05
    0.21272E-01    0.24571E+05
    0.21702E-01    0.24378E+05
    0.22141E-01    0.24173E+05
    0.22588E-01    0.23955E+05
    0.23044E-01    0.23726E+05
    0.23510E-01    0.23485E+05
    0.23985E-01    0.23233E+05
    0.24469E-01    0.22970E+05
    0.24964E-01    0.22696E+05
    0.25468E-01    0.22413E+05
    0.25982E-01    0.22119E+05
    0.26507E-01    0.21816E+05
    0.27043E-01    0.21505E+05
    0.27589E-01    0.21185E+05
    0.28146E-01    0.20858E+05
    0.28715E-01    0.20524E+05
    0.29295E-01    0.20185E+05
    0.29887E-01    0.19840E+05
    0.30490E-01    0.19491E+05
    0.31106E-01    0.19139E+05
    0.31735E-01    0.18784E+05
    0.32376E-01    0.18428E+05
    0.33030E-01    0.18070E+05
    0.33697E-01    0.17714E+05
    0.34378E-01    0.17358E+05
    0.35072E-01    0.17005E+05
    0.35781E-01    0.16655E+05
    0.36504E-01    0.16308E+05
    0.37241E-01    0.15962E+05
    0.37993E-01    0.15621E+05
    0.38761E-01    0.15288E+05
    0.39544E-01    0.14963E+05
    0.40343E-01    0.14646E+05
    0.41158E-01    0.14340E+05
    0.41989E-01    0.14043E+05
    0.42838E-01    0.13758E+05
    0.43703E-01    0.13485E+05
    0.44586E-01    0.13223E+05
    0.45486E-01    0.12972E+05
    0.46405E-01    0.12734E+05
    0.47343E-01    0.12507E+05
    0.48299E-01    0.12291E+05
    0.49275E-01    0.12086E+05
    0.50270E-01    0.11890E+05
    0.51286E-01    0.11703E+05
    0.52322E-01    0.11525E+05
    0.53379E-01    0.11354E+05
    0.54457E-01    0.11191E+05
    0.55557E-01    0.11032E+05
    0.56680E-01    0.10877E+05
    0.57825E-01    0.10729E+05
    0.58993E-01    0.10592E+05
    0.60184E-01    0.10459E+05
    0.61400E-01    0.10320E+05
    0.62641E-01    0.10174E+05
    0.63906E-01    0.10025E+05
    0.65197E-01    0.98710E+04
    0.66514E-01    0.97098E+04
    0.67858E-01    0.95393E+04
    0.69229E-01    0.93581E+04
    0.70627E-01    0.91656E+04
    0.72054E-01    0.89610E+04
    0.73510E-01    0.87441E+04
    0.74994E-01    0.85155E+04
    0.76509E-01    0.82761E+04
    0.78055E-01    0.80274E+04
    0.79632E-01    0.77713E+04
    0.81241E-01    0.75098E+04
    0.82882E-01    0.72454E+04
    0.84556E-01    0.69804E+04
    0.86264E-01    0.67173E+04
    0.88007E-01    0.64585E+04
    0.89785E-01    0.62063E+04
    0.91598E-01    0.59632E+04
    0.93449E-01    0.57312E+04
    0.95337E-01    0.55126E+04
    0.97263E-01    0.53092E+04
    0.99227E-01    0.51225E+04
    0.10123E+00    0.49536E+04
    0.10328E+00    0.48027E+04
    0.10536E+00    0.46696E+04
    0.10749E+00    0.45533E+04
    0.10966E+00    0.44520E+04
    0.11188E+00    0.43634E+04
    0.11414E+00    0.42846E+04
    0.11644E+00    0.42125E+04
    0.11880E+00    0.41435E+04
    0.12120E+00    0.40740E+04
    0.12365E+00    0.40003E+04
    0.12614E+00    0.39190E+04
    0.12869E+00    0.38276E+04
    0.13129E+00    0.37243E+04
    0.13394E+00    0.36089E+04
    0.13665E+00    0.34824E+04
    0.13941E+00    0.33470E+04
    0.14223E+00    0.32058E+04
    0.14510E+00    0.30620E+04
    0.14803E+00    0.29193E+04
    0.15102E+00    0.27813E+04
    0.15407E+00    0.26514E+04
    0.15718E+00    0.25329E+04
    0.16036E+00    0.24281E+04
    0.16360E+00    0.23382E+04
    0.16690E+00    0.22628E+04
    0.17028E+00    0.22000E+04
    0.17371E+00    0.21471E+04
    0.17722E+00    0.21005E+04
    0.18080E+00    0.20568E+04
    0.18446E+00    0.20122E+04
    0.18818E+00    0.19635E+04
    0.19198E+00    0.19080E+04
    0.19586E+00    0.18445E+04
    0.19982E+00    0.17734E+04
    0.20386E+00    0.16970E+04
    0.20797E+00    0.16181E+04
    0.21218E+00    0.15401E+04
    0.21646E+00    0.14663E+04
    0.22083E+00    0.13994E+04
    0.22530E+00    0.13416E+04
    0.22985E+00    0.12928E+04
    0.23449E+00    0.12522E+04
    0.23923E+00    0.12171E+04
    0.24406E+00    0.11844E+04
    0.24899E+00    0.11513E+04
    0.25402E+00    0.11157E+04
    0.25915E+00    0.10764E+04
    0.26439E+00    0.10331E+04
    0.26973E+00    0.98743E+03
    0.27518E+00    0.94166E+03
    0.28074E+00    0.89827E+03
    0.28641E+00    0.85913E+03
    0.29219E+00    0.82478E+03
    0.29810E+00    0.79501E+03
    0.30412E+00    0.76845E+03
    0.31026E+00    0.74347E+03
    0.31653E+00    0.71818E+03
    0.32292E+00    0.69135E+03
    0.32945E+00    0.66311E+03
    0.33610E+00    0.63415E+03
    0.34289E+00    0.60597E+03
    0.34982E+00    0.57969E+03
    0.35689E+00    0.55592E+03
    0.36409E+00    0.53460E+03
    0.37145E+00    0.51482E+03
    0.37895E+00    0.49571E+03
    0.38661E+00    0.47643E+03
    0.39442E+00    0.45677E+03
    0.40239E+00    0.43719E+03
    0.41052E+00    0.41827E+03
    0.41881E+00    0.40060E+03
    0.42727E+00    0.38430E+03
    0.43590E+00    0.36901E+03
    0.44471E+00    0.35434E+03
    0.45369E+00    0.33986E+03
    0.46286E+00    0.32553E+03
    0.47221E+00    0.31161E+03
    0.48174E+00    0.29831E+03
    0.49148E+00    0.28580E+03
    0.50141E+00    0.27398E+03
    0.51153E+00    0.26260E+03
    0.52187E+00    0.25155E+03
    0.53241E+00    0.24081E+03
    0.54317E+00    0.23046E+03
    0.55414E+00    0.22061E+03
    0.56533E+00    0.21124E+03
    0.57675E+00    0.20226E+03
    0.58840E+00    0.19360E+03
    0.60029E+00    0.18525E+03
    0.61242E+00    0.17722E+03
    0.62479E+00    0.16956E+03
    0.63741E+00    0.16224E+03
    0.65029E+00    0.15522E+03
    0.66342E+00    0.14848E+03
    0.67683E+00    0.14201E+03
    0.69050E+00    0.13581E+03
    0.70445E+00    0.12986E+03
    0.71868E+00    0.12416E+03
    0.73320E+00    0.11869E+03
    0.74801E+00    0.11346E+03
    0.76312E+00    0.10844E+03
    0.77854E+00    0.10363E+03
    0.79426E+00    0.99033E+02
    0.81031E+00    0.94629E+02
    0.82668E+00    0.90413E+02
    0.84338E+00    0.86379E+02
    0.86041E+00    0.82517E+02
    0.87780E+00    0.78822E+02
    0.89553E+00    0.75285E+02
    0.91362E+00    0.71902E+02
    0.93208E+00    0.68665E+02
    0.95091E+00    0.65567E+02
    0.97011E+00    0.62605E+02
    0.98971E+00    0.59771E+02
    0.10097E+01    0.57060E+02
    0.10301E+01    0.54468E+02
    0.10509E+01    0.51988E+02
    0.10721E+01    0.49618E+02
    0.10938E+01    0.47352E+02
    0.11159E+01    0.45185E+02
    0.11384E+01    0.43115E+02
    0.11614E+01    0.41135E+02
    0.11849E+01    0.39244E+02
    0.12088E+01    0.37437E+02
    0.12333E+01    0.35710E+02
    0.12582E+01    0.34060E+02
    0.12836E+01    0.32484E+02
    0.13095E+01    0.30979E+02
    0.13360E+01    0.29541E+02
    0.13630E+01    0.28168E+02
    0.13905E+01    0.26857E+02
    0.14186E+01    0.25605E+02
    0.14472E+01    0.24410E+02
    0.14765E+01    0.23269E+02
    0.15063E+01    0.22179E+02
    0.15367E+01    0.21139E+02
    0.15678E+01    0.20147E+02
    0.15994E+01    0.19200E+02
    0.16318E+01    0.18296E+02
    0.16647E+01    0.17433E+02
    0.16984E+01    0.16610E+02
    0.17327E+01    0.15825E+02
    0.17677E+01    0.15076E+02
    0.18034E+01    0.14362E+02
    0.18398E+01    0.13680E+02
    0.18770E+01    0.13030E+02
    0.19149E+01    0.12411E+02
    0.19536E+01    0.11819E+02
    0.19930E+01    0.11256E+02
    0.20333E+01    0.10718E+02
    0.20744E+01    0.10206E+02
    0.21163E+01    0.97175E+01
    0.21590E+01    0.92518E+01
    0.22026E+01    0.88080E+01
    0.22471E+01    0.83849E+01
    0.22925E+01    0.79817E+01
    0.23388E+01    0.75975E+01
    0.23861E+01    0.72313E+01
    0.24343E+01    0.68824E+01
    0.24835E+01    0.65499E+01
    0.25336E+01    0.62332E+01
    0.25848E+01    0.59315E+01
    0.26370E+01    0.56440E+01
    0.26903E+01    0.53702E+01
    0.27447E+01    0.51094E+01
    0.28001E+01    0.48610E+01
    0.28567E+01    0.46244E+01
    0.29144E+01    0.43992E+01
    0.29733E+01    0.41846E+01
    0.30333E+01    0.39804E+01
    0.30946E+01    0.37859E+01
    0.31571E+01    0.36007E+01
    0.32209E+01    0.34244E+01
    0.32860E+01    0.32566E+01
    0.33523E+01    0.30968E+01
    0.34201E+01    0.29448E+01
    0.34892E+01    0.28001E+01
    0.35596E+01    0.26623E+01
    0.36316E+01    0.25312E+01
    0.37049E+01    0.24065E+01
    0.37798E+01    0.22878E+01
    0.38561E+01    0.21748E+01
    0.39340E+01    0.20673E+01
    0.40135E+01    0.19651E+01
    0.40946E+01    0.18678E+01
    0.41773E+01    0.17753E+01
    0.42617E+01    0.16872E+01
    0.43478E+01    0.16035E+01
    0.44356E+01    0.15238E+01
    0.45252E+01    0.14481E+01
    0.46166E+01    0.13760E+01
    0.47099E+01    0.13075E+01
    0.48050E+01    0.12423E+01
    0.49021E+01    0.11803E+01
    0.50011E+01    0.11214E+01
    0.51021E+01    0.10654E+01
    0.52052E+01    0.10121E+01
    0.53104E+01    0.96147E+00
    0.54176E+01    0.91332E+00
    0.55271E+01    0.86755E+00
    0.56387E+01    0.82404E+00
    0.57526E+01    0.78267E+00
    0.58689E+01    0.74336E+00
    0.59874E+01    0.70599E+00
    0.61084E+01    0.67047E+00
    0.62318E+01    0.63672E+00
    0.63577E+01    0.60464E+00
    0.64861E+01    0.57415E+00
    0.66171E+01    0.54519E+00
    0.67508E+01    0.51766E+00
    0.68872E+01    0.49151E+00
    0.70263E+01    0.46665E+00
    0.71682E+01    0.44304E+00
    0.73130E+01    0.42061E+00
    0.74608E+01    0.39930E+00
    0.76115E+01    0.37906E+00
    0.77653E+01    0.35983E+00
    0.79221E+01    0.34156E+00
    0.80822E+01    0.32421E+00
    0.82454E+01    0.30773E+00
    0.84120E+01    0.29207E+00
    0.85819E+01    0.27721E+00
    0.87553E+01    0.26309E+00
    0.89322E+01    0.24968E+00
    0.91126E+01    0.23695E+00
    0.92967E+01    0.22485E+00
    0.94845E+01    0.21337E+00
    0.96761E+01    0.20247E+00
    0.98716E+01    0.19212E+00
    0.10071E+02    0.18229E+00
    0.10274E+02    0.17296E+00
    0.10482E+02    0.16410E+00
    0.10694E+02    0.15569E+00
    0.10910E+02    0.14771E+00
    0.11130E+02    0.14013E+00
    0.11355E+02    0.13294E+00
    0.11584E+02    0.12611E+00
    0.11818E+02    0.11963E+00
    0.12057E+02    0.11347E+00
    0.12301E+02    0.10763E+00
    0.12549E+02    0.10209E+00
    0.12803E+02    0.96834E-01
    0.13061E+02    0.91843E-01
    0.13325E+02    0.87107E-01
    0.13594E+02    0.82612E-01
    0.13869E+02    0.78347E-01
    0.14149E+02    0.74300E-01
    0.14435E+02    0.70460E-01
    0.14727E+02    0.66817E-01
    0.15024E+02    0.63360E-01
    0.15328E+02    0.60080E-01
    0.15637E+02    0.56969E-01
    0.15953E+02    0.54017E-01
    0.16275E+02    0.51216E-01
    0.16604E+02    0.48559E-01
    0.16940E+02    0.46039E-01
    0.17282E+02    0.43649E-01
    0.17631E+02    0.41381E-01
    0.17987E+02    0.39230E-01
    0.18351E+02    0.37190E-01
    0.18721E+02    0.35255E-01
    0.19099E+02    0.33420E-01
    0.19485E+02    0.31680E-01
    0.19879E+02    0.30029E-01
    0.20280E+02    0.28464E-01
    0.20690E+02    0.26979E-01
    0.21108E+02    0.25571E-01
    0.21535E+02    0.24236E-01
    0.21970E+02    0.22971E-01
    0.22413E+02    0.21770E-01
    0.22866E+02    0.20632E-01
    0.23328E+02    0.19553E-01
    0.23799E+02    0.18530E-01
    0.24280E+02    0.17560E-01
    0.24771E+02    0.16640E-01
    0.25271E+02    0.15768E-01
    0.25782E+02    0.14942E-01
    0.26302E+02    0.14158E-01
    0.26834E+02    0.13415E-01
    0.27376E+02    0.12711E-01
    0.27929E+02    0.12043E-01
    0.28493E+02    0.11411E-01
    0.29069E+02    0.10811E-01
    0.29656E+02    0.10242E-01
    0.30255E+02    0.97034E-02
    0.30866E+02    0.91927E-02
    0.31490E+02    0.87086E-02
    0.32126E+02    0.82498E-02
    0.32775E+02    0.78150E-02
    0.33437E+02    0.74030E-02
    0.34112E+02    0.70125E-02
    0.34801E+02    0.66424E-02
    0.35504E+02    0.62917E-02
    0.36222E+02    0.59594E-02
    0.36953E+02    0.56445E-02
    0.37700E+02    0.53461E-02
    0.38462E+02    0.50633E-02
    0.39239E+02    0.47954E-02
    0.40031E+02    0.45416E-02
    0.40840E+02    0.43010E-02
    0.41665E+02    0.40732E-02
    0.42507E+02    0.38573E-02
    0.43365E+02    0.36527E-02
    0.44241E+02    0.34590E-02
    0.45135E+02    0.32754E-02
    0.46047E+02    0.31015E-02
    0.46977E+02    0.29367E-02
    0.47926E+02    0.27807E-02
    0.48894E+02    0.26328E-02
    0.49882E+02    0.24928E-02
    0.50890E+02    0.23601E-02
    0.51918E+02    0.22345E-02
    0.52966E+02    0.21155E-02
    0.54036E+02    0.20027E-02
    0.55128E+02    0.18960E-02
    0.56242E+02    0.17948E-02
    0.57378E+02    0.16991E-02
    0.58537E+02    0.16084E-02
    0.59720E+02    0.15225E-02
    0.60926E+02    0.14411E-02
    0.62157E+02    0.13641E-02
    0.63412E+02    0.12911E-02
    0.64693E+02    0.12220E-02
    0.66000E+02    0.11566E-02
    0.67334E+02    0.10946E-02
    0.68694E+02    0.10360E-02
    0.70082E+02    0.98044E-03
    0.71497E+02    0.92784E-03
    0.72942E+02    0.87804E-03
    0.74415E+02    0.83089E-03
    0.75918E+02    0.78625E-03
    0.77452E+02    0.74398E-03
    0.79017E+02    0.70397E-03
    0.80613E+02    0.66608E-03
    0.82241E+02    0.63022E-03
    0.83903E+02    0.59626E-03
    0.85598E+02    0.56412E-03
    0.87327E+02    0.53369E-03
    0.89091E+02    0.50489E-03
    0.90891E+02    0.47763E-03
    0.92727E+02    0.45182E-03
    0.94600E+02    0.42739E-03
    0.96511E+02    0.40427E-03
    0.98461E+02    0.38238E-03
    0.10045E+03    0.36166E-03
    0.10248E+03    0.34206E-03
    0.10455E+03    0.32350E-03
    0.10666E+03    0.30594E-03
    0.10882E+03    0.28932E-03
    0.11101E+03    0.27359E-03
    0.11326E+03    0.25871E-03
    0.11554E+03    0.24462E-03
    0.11788E+03    0.23130E-03
    0.12026E+03    0.21868E-03
    0.12269E+03    0.20675E-03
    0.12517E+03    0.19546E-03
    0.12770E+03    0.18477E-03
    0.13028E+03    0.17466E-03
    0.13291E+03    0.16510E-03
    0.13559E+03    0.15605E-03
    0.13833E+03    0.14749E-03
    0.14113E+03    0.13939E-03
    0.14398E+03    0.13173E-03
    0.14689E+03    0.12448E-03
    0.14985E+03    0.11762E-03
    0.15288E+03    0.11114E-03
    0.15597E+03    0.10500E-03
    0.15912E+03    0.99201E-04
    0.16233E+03    0.93714E-04
    0.16561E+03    0.88524E-04
    0.16896E+03    0.83615E-04
    0.17237E+03    0.78974E-04
    0.17585E+03    0.74584E-04
    0.17941E+03    0.70433E-04
    0.18303E+03    0.66508E-04
    0.18673E+03    0.62797E-04
    0.19050E+03    0.59288E-04
    0.19435E+03    0.55970E-04
    0.19828E+03    0.52834E-04
    0.20228E+03    0.49869E-04
    0.20637E+03    0.47066E-04
    0.21054E+03    0.44416E-04
    0.21479E+03    0.41912E-04
    0.21913E+03    0.39545E-04
    0.22356E+03    0.37308E-04
    0.22807E+03    0.35194E-04
    0.23268E+03    0.33197E-04
    0.23738E+03    0.31309E-04
    0.24217E+03    0.29526E-04
    0.24707E+03    0.27841E-04
    0.25206E+03    0.26249E-04
    0.25715E+03    0.24745E-04
    0.26234E+03    0.23325E-04
    0.26764E+03    0.21983E-04
    0.27305E+03    0.20716E-04
    0.27857E+03    0.19520E-04
    0.28419E+03    0.18390E-04
    0.28994E+03    0.17324E-04
    0.29579E+03    0.16317E-04
    0.30177E+03    0.15367E-04
    0.30786E+03    0.14470E-04
    0.31408E+03    0.13623E-04
    0.32043E+03    0.12824E-04
    0.32690E+03    0.12071E-04
    0.33351E+03    0.11360E-04
    0.34024E+03    0.10689E-04
    0.34712E+03    0.10056E-04
    0.35413E+03    0.94596E-05
    0.36128E+03    0.88972E-05
    0.36858E+03    0.83669E-05
    0.37603E+03    0.78671E-05
    0.38362E+03    0.73960E-05
    0.39137E+03    0.69522E-05
    0.39928E+03    0.65339E-05
    0.40734E+03    0.61400E-05
    0.41557E+03    0.57689E-05
    0.42397E+03    0.54195E-05
    0.43253E+03    0.50905E-05
    0.44127E+03    0.47808E-05
    0.45019E+03    0.44894E-05
    0.45928E+03    0.42152E-05
    0.46856E+03    0.39572E-05
    0.47802E+03    0.37146E-05
    0.48768E+03    0.34864E-05
    0.49753E+03    0.32719E-05
    0.50758E+03    0.30702E-05
    0.51784E+03    0.28807E-05
    0.52830E+03    0.27026E-05
    0.53897E+03    0.25353E-05
    0.54986E+03    0.23781E-05
    0.56097E+03    0.22305E-05
    0.57230E+03    0.20920E-05
    0.58386E+03    0.19619E-05
    0.59565E+03    0.18399E-05
    0.60769E+03    0.17253E-05
    0.61996E+03    0.16179E-05
    0.63249E+03    0.15171E-05
    0.64526E+03    0.14226E-05
    0.65830E+03    0.13339E-05
    0.67160E+03    0.12508E-05
    0.68516E+03    0.11728E-05
    0.69901E+03    0.10997E-05
    0.71313E+03    0.10312E-05
    0.72753E+03    0.96704E-06
    0.74223E+03    0.90685E-06
    0.75722E+03    0.85045E-06
    0.77252E+03    0.79759E-06
    0.78813E+03    0.74805E-06
    0.80405E+03    0.70164E-06
    0.82029E+03    0.65813E-06
    0.83686E+03    0.61736E-06
    0.85377E+03    0.57915E-06
    0.87101E+03    0.54332E-06
    0.88861E+03    0.50974E-06
    0.90656E+03    0.47826E-06
    0.92488E+03    0.44874E-06
    0.94356E+03    0.42107E-06
    0.96262E+03    0.39512E-06
    0.98207E+03    0.37078E-06
    0.10019E+04    0.34796E-06
    0.10221E+04    0.32656E-06
    0.10428E+04    0.30648E-06
    0.10639E+04    0.28766E-06
    0.10854E+04    0.27001E-06
    0.11073E+04    0.25345E-06
    0.11296E+04    0.23792E-06
    0.11525E+04    0.22335E-06
    0.11757E+04    0.20969E-06
    0.11995E+04    0.19688E-06
    0.12237E+04    0.18486E-06
    0.12485E+04    0.17358E-06
    0.12737E+04    0.16301E-06
    0.12994E+04    0.15308E-06
    0.13257E+04    0.14378E-06
    0.13524E+04    0.13504E-06
    0.13798E+04    0.12685E-06
    0.14076E+04    0.11916E-06
    0.14361E+04    0.11194E-06
    0.14651E+04    0.10517E-06
    0.14947E+04    0.98815E-07
    0.15249E+04    0.92850E-07
    0.15557E+04    0.87251E-07
    0.15871E+04    0.81995E-07
    0.16192E+04    0.77062E-07
    0.16519E+04    0.72430E-07
    0.16852E+04    0.68081E-07
    0.17193E+04    0.63998E-07
    0.17540E+04    0.60163E-07
    0.17894E+04    0.56562E-07
    0.18256E+04    0.53181E-07
    0.18625E+04    0.50005E-07
    0.19001E+04    0.47022E-07
    0.19385E+04    0.44219E-07
    0.19776E+04    0.41587E-07
    0.20176E+04    0.39114E-07
    0.20583E+04    0.36790E-07
    0.20999E+04    0.34607E-07
    0.21424E+04    0.32555E-07
    0.21856E+04    0.30627E-07
    0.22298E+04    0.28815E-07
    0.22748E+04    0.27112E-07
    0.23208E+04    0.25512E-07
    0.23677E+04    0.24007E-07
    0.24155E+04    0.22593E-07
    0.24643E+04    0.21263E-07
    0.25141E+04    0.20012E-07
    0.25649E+04    0.18837E-07
    0.26167E+04    0.17731E-07
    0.26695E+04    0.16692E-07
    0.27235E+04    0.15714E-07
    0.27785E+04    0.14794E-07
    0.28346E+04    0.13929E-07
    0.28919E+04    0.13116E-07
    0.29503E+04    0.12350E-07
    0.30099E+04    0.11630E-07
    0.30707E+04    0.10953E-07
    0.31327E+04    0.10316E-07
    0.31960E+04    0.97157E-08
    0.32606E+04    0.91513E-08
    0.33264E+04    0.86202E-08
    0.33936E+04    0.81203E-08
    0.34622E+04    0.76498E-08
    0.35321E+04    0.72069E-08
    0.36035E+04    0.67900E-08
    0.36763E+04    0.63976E-08
    0.37506E+04    0.60281E-08
    0.38263E+04    0.56803E-08
    0.39036E+04    0.53528E-08
    0.39825E+04    0.50444E-08
    0.40629E+04    0.47540E-08
    0.41450E+04    0.44805E-08
    0.42287E+04    0.42229E-08
    0.43142E+04    0.39804E-08
    0.44013E+04    0.37519E-08
    0.44902E+04    0.35367E-08
    0.45809E+04    0.33339E-08
    0.46735E+04    0.31430E-08
    0.47679E+04    0.29630E-08
    0.48642E+04    0.27935E-08
    0.49625E+04    0.26338E-08
    0.50627E+04    0.24833E-08
    0.51650E+04    0.23416E-08
    0.52693E+04    0.22079E-08
    0.53758E+04    0.20820E-08
    0.54844E+04    0.19633E-08
    0.55952E+04    0.18515E-08
    0.57082E+04    0.17461E-08
    0.58235E+04    0.16467E-08
    0.59412E+04    0.15531E-08
    0.60612E+04    0.14648E-08
    0.61836E+04    0.13816E-08
    0.63085E+04    0.13031E-08
    0.64360E+04    0.12292E-08
    0.65660E+04    0.11594E-08
    0.66986E+04    0.10937E-08
    0.68340E+04    0.10317E-08
    0.69720E+04    0.97323E-09
    0.71129E+04    0.91811E-09
    0.72566E+04    0.86614E-09
    0.74031E+04    0.81712E-09
    0.75527E+04    0.77090E-09
    0.77053E+04    0.72730E-09
    0.78609E+04    0.68619E-09
    0.80197E+04    0.64742E-09
    0.81817E+04    0.61085E-09
    0.83470E+04    0.57636E-09
    0.85156E+04    0.54382E-09
    0.86877E+04    0.51314E-09
    0.88632E+04    0.48419E-09
    0.90422E+04    0.45689E-09
    0.92249E+04    0.43113E-09
    0.94112E+04    0.40684E-09
    0.96013E+04    0.38392E-09
    0.97953E+04    0.36229E-09
    0.99932E+04    0.34189E-09
    0.10195E+05    0.32264E-09
    0.10401E+05    0.30448E-09
    0.10611E+05    0.28734E-09
    0.10825E+05    0.27116E-09
    0.11044E+05    0.25590E-09
