#          k/h    CDM            baryon         photon         nu             mass_nu        total          no_nu          total_de       Weyl           v_CDM          v_b            v_b-v_c     
   0.735294E-04   0.205711E+08   0.205711E+08   0.266704E+08   0.266693E+08   0.205713E+08   0.205711E+08   0.205711E+08   0.205782E+08  -0.464749E+00   0.103999E+08   0.103999E+08   0.438956E-01
   0.102619E-03   0.205697E+08   0.205697E+08   0.259681E+08   0.259661E+08   0.205679E+08   0.205697E+08   0.205697E+08   0.205766E+08  -0.464709E+00   0.103992E+08   0.103992E+08   0.611836E-01
   0.143216E-03   0.205670E+08   0.205670E+08   0.246486E+08   0.246448E+08   0.205612E+08   0.205670E+08   0.205670E+08   0.205736E+08  -0.464634E+00   0.103978E+08   0.103978E+08   0.851803E-01
   0.199874E-03   0.205619E+08   0.205619E+08   0.222527E+08   0.222462E+08   0.205484E+08   0.205618E+08   0.205619E+08   0.205678E+08  -0.464489E+00   0.103952E+08   0.103952E+08   0.118326E+00
   0.278946E-03   0.205521E+08   0.205521E+08   0.181887E+08   0.181792E+08   0.205236E+08   0.205519E+08   0.205521E+08   0.205568E+08  -0.464217E+00   0.103901E+08   0.103901E+08   0.163706E+00
   0.389301E-03   0.205335E+08   0.205334E+08   0.121774E+08   0.121674E+08   0.204760E+08   0.205332E+08   0.205335E+08   0.205364E+08  -0.463717E+00   0.103805E+08   0.103805E+08   0.224915E+00
   0.543313E-03   0.204991E+08   0.204991E+08   0.549200E+07   0.548901E+07   0.203862E+08   0.204986E+08   0.204991E+08   0.205001E+08  -0.462837E+00   0.103627E+08   0.103627E+08   0.305733E+00
   0.758254E-03   0.204380E+08   0.204380E+08   0.156400E+07   0.156859E+07   0.202204E+08   0.204370E+08   0.204380E+08   0.204374E+08  -0.461361E+00   0.103312E+08   0.103312E+08   0.410199E+00
   0.105823E-02   0.203338E+08   0.203337E+08   0.888032E+06   0.883368E+06   0.199240E+08   0.203318E+08   0.203338E+08   0.203321E+08  -0.458950E+00   0.102776E+08   0.102776E+08   0.544253E+00
   0.147688E-02   0.201626E+08   0.201624E+08   0.198905E+06   0.188893E+06   0.194196E+08   0.201591E+08   0.201626E+08   0.201591E+08  -0.455032E+00   0.101902E+08   0.101902E+08   0.716694E+00
   0.206115E-02   0.198906E+08   0.198901E+08  -0.139163E+06  -0.139221E+06   0.186314E+08   0.198845E+08   0.198905E+08   0.198845E+08  -0.448826E+00   0.100516E+08   0.100516E+08   0.937931E+00
   0.287657E-02   0.194738E+08   0.194728E+08  -0.699516E+05  -0.699807E+05   0.175173E+08   0.194644E+08   0.194737E+08   0.194644E+08  -0.439339E+00   0.983948E+07   0.983947E+07   0.122086E+01
   0.401457E-02   0.188624E+08   0.188605E+08  -0.347920E+05  -0.348065E+05   0.160640E+08   0.188488E+08   0.188621E+08   0.188488E+08  -0.425444E+00   0.952883E+07   0.952881E+07   0.158060E+01
   0.415064E-02   0.187886E+08   0.187865E+08  -0.324216E+05  -0.324350E+05   0.158989E+08   0.187746E+08   0.187882E+08   0.187745E+08  -0.423767E+00   0.949134E+07   0.949132E+07   0.162142E+01
   0.429133E-02   0.187122E+08   0.187100E+08  -0.302081E+05  -0.302207E+05   0.157301E+08   0.186977E+08   0.187119E+08   0.186977E+08  -0.422033E+00   0.945258E+07   0.945256E+07   0.166319E+01
   0.443679E-02   0.186333E+08   0.186310E+08  -0.281415E+05  -0.281532E+05   0.155577E+08   0.186184E+08   0.186329E+08   0.186184E+08  -0.420242E+00   0.941252E+07   0.941250E+07   0.170591E+01
   0.458717E-02   0.185518E+08   0.185493E+08  -0.262122E+05  -0.262230E+05   0.153811E+08   0.185364E+08   0.185514E+08   0.185364E+08  -0.418391E+00   0.937114E+07   0.937112E+07   0.174962E+01
   0.474265E-02   0.184676E+08   0.184649E+08  -0.244111E+05  -0.244212E+05   0.152013E+08   0.184517E+08   0.184671E+08   0.184517E+08  -0.416479E+00   0.932841E+07   0.932838E+07   0.179431E+01
   0.490341E-02   0.183807E+08   0.183779E+08  -0.227300E+05  -0.227395E+05   0.150180E+08   0.183643E+08   0.183802E+08   0.183643E+08  -0.414506E+00   0.928430E+07   0.928428E+07   0.184000E+01
   0.506961E-02   0.182910E+08   0.182880E+08  -0.211611E+05  -0.211698E+05   0.148311E+08   0.182741E+08   0.182905E+08   0.182741E+08  -0.412471E+00   0.923880E+07   0.923877E+07   0.188670E+01
   0.524144E-02   0.181985E+08   0.181953E+08  -0.196969E+05  -0.197051E+05   0.146406E+08   0.181811E+08   0.181980E+08   0.181811E+08  -0.410372E+00   0.919186E+07   0.919183E+07   0.193442E+01
   0.541910E-02   0.181031E+08   0.180997E+08  -0.183307E+05  -0.183383E+05   0.144464E+08   0.180852E+08   0.181025E+08   0.180852E+08  -0.408208E+00   0.914347E+07   0.914344E+07   0.198317E+01
   0.560278E-02   0.180048E+08   0.180012E+08  -0.170560E+05  -0.170631E+05   0.142485E+08   0.179864E+08   0.180042E+08   0.179864E+08  -0.405977E+00   0.909361E+07   0.909357E+07   0.203297E+01
   0.579269E-02   0.179040E+08   0.179002E+08  -0.158674E+05  -0.158740E+05   0.140247E+08   0.178850E+08   0.179034E+08   0.178850E+08  -0.403688E+00   0.904244E+07   0.904241E+07   0.208380E+01
   0.598903E-02   0.177997E+08   0.177956E+08  -0.147582E+05  -0.147644E+05   0.138158E+08   0.177802E+08   0.177990E+08   0.177802E+08  -0.401322E+00   0.898953E+07   0.898949E+07   0.213568E+01
   0.619203E-02   0.176923E+08   0.176879E+08  -0.137237E+05  -0.137294E+05   0.136028E+08   0.176722E+08   0.176916E+08   0.176722E+08  -0.398885E+00   0.893505E+07   0.893501E+07   0.218861E+01
   0.640191E-02   0.175818E+08   0.175771E+08  -0.127590E+05  -0.127643E+05   0.133858E+08   0.175611E+08   0.175810E+08   0.175611E+08  -0.396378E+00   0.887898E+07   0.887894E+07   0.224258E+01
   0.661891E-02   0.174681E+08   0.174631E+08  -0.118595E+05  -0.118644E+05   0.131648E+08   0.174469E+08   0.174672E+08   0.174469E+08  -0.393798E+00   0.882130E+07   0.882126E+07   0.229759E+01
   0.684326E-02   0.173511E+08   0.173458E+08  -0.110209E+05  -0.110255E+05   0.129400E+08   0.173293E+08   0.173502E+08   0.173293E+08  -0.391145E+00   0.876198E+07   0.876193E+07   0.235364E+01
   0.707521E-02   0.172308E+08   0.172252E+08  -0.102392E+05  -0.102434E+05   0.127120E+08   0.172085E+08   0.172299E+08   0.172085E+08  -0.388418E+00   0.870099E+07   0.870094E+07   0.241070E+01
   0.731502E-02   0.171072E+08   0.171012E+08  -0.951060E+04  -0.951454E+04   0.124810E+08   0.170843E+08   0.171062E+08   0.170843E+08  -0.385615E+00   0.863832E+07   0.863826E+07   0.246876E+01
   0.756297E-02   0.169799E+08   0.169736E+08  -0.883149E+04  -0.883515E+04   0.122474E+08   0.169565E+08   0.169789E+08   0.169565E+08  -0.382730E+00   0.857378E+07   0.857373E+07   0.252780E+01
   0.781931E-02   0.168495E+08   0.168427E+08  -0.819887E+04  -0.820227E+04   0.120119E+08   0.168254E+08   0.168483E+08   0.168254E+08  -0.379772E+00   0.850764E+07   0.850758E+07   0.258780E+01
   0.808435E-02   0.167155E+08   0.167083E+08  -0.760953E+04  -0.761268E+04   0.117747E+08   0.166909E+08   0.167143E+08   0.166909E+08  -0.376735E+00   0.843972E+07   0.843966E+07   0.264871E+01
   0.835837E-02   0.165780E+08   0.165704E+08  -0.706060E+04  -0.706353E+04   0.115358E+08   0.165528E+08   0.165767E+08   0.165528E+08  -0.373619E+00   0.837003E+07   0.836996E+07   0.271051E+01
   0.864168E-02   0.164369E+08   0.164288E+08  -0.654940E+04  -0.655211E+04   0.112951E+08   0.164112E+08   0.164355E+08   0.164112E+08  -0.370422E+00   0.829852E+07   0.829845E+07   0.277314E+01
   0.893459E-02   0.162922E+08   0.162836E+08  -0.607342E+04  -0.607594E+04   0.110526E+08   0.162659E+08   0.162907E+08   0.162659E+08  -0.367143E+00   0.822518E+07   0.822510E+07   0.283655E+01
   0.923743E-02   0.161439E+08   0.161347E+08  -0.563035E+04  -0.563268E+04   0.108081E+08   0.161171E+08   0.161423E+08   0.161171E+08  -0.363783E+00   0.815003E+07   0.814995E+07   0.290068E+01
   0.955053E-02   0.159917E+08   0.159821E+08  -0.521793E+04  -0.522009E+04   0.105616E+08   0.159644E+08   0.159901E+08   0.159644E+08  -0.360337E+00   0.807296E+07   0.807287E+07   0.296545E+01
   0.987425E-02   0.158359E+08   0.158256E+08  -0.483414E+04  -0.483614E+04   0.103133E+08   0.158080E+08   0.158341E+08   0.158080E+08  -0.356807E+00   0.799398E+07   0.799389E+07   0.303078E+01
   0.102089E-01   0.156762E+08   0.156653E+08  -0.447706E+04  -0.447891E+04   0.100631E+08   0.156478E+08   0.156743E+08   0.156478E+08  -0.353190E+00   0.791308E+07   0.791298E+07   0.309657E+01
   0.105550E-01   0.155126E+08   0.155011E+08  -0.414489E+04  -0.414661E+04   0.981164E+07   0.154837E+08   0.155107E+08   0.154837E+08  -0.349487E+00   0.783022E+07   0.783012E+07   0.316272E+01
   0.109127E-01   0.153451E+08   0.153329E+08  -0.383596E+04  -0.383755E+04   0.955905E+07   0.153157E+08   0.153430E+08   0.153157E+08  -0.345694E+00   0.774538E+07   0.774527E+07   0.322911E+01
   0.112826E-01   0.151737E+08   0.151607E+08  -0.354872E+04  -0.355019E+04   0.930574E+07   0.151437E+08   0.151715E+08   0.151437E+08  -0.341813E+00   0.765855E+07   0.765844E+07   0.329561E+01
   0.116650E-01   0.149982E+08   0.149845E+08  -0.328170E+04  -0.328305E+04   0.905204E+07   0.149678E+08   0.149959E+08   0.149678E+08  -0.337842E+00   0.756970E+07   0.756958E+07   0.336205E+01
   0.120604E-01   0.148188E+08   0.148043E+08  -0.303353E+04  -0.303478E+04   0.879826E+07   0.147878E+08   0.148163E+08   0.147878E+08  -0.333780E+00   0.747882E+07   0.747870E+07   0.342829E+01
   0.124692E-01   0.146352E+08   0.146199E+08  -0.280294E+04  -0.280410E+04   0.854474E+07   0.146039E+08   0.146327E+08   0.146039E+08  -0.329627E+00   0.738590E+07   0.738576E+07   0.349412E+01
   0.128919E-01   0.144476E+08   0.144314E+08  -0.258874E+04  -0.258981E+04   0.829121E+07   0.144158E+08   0.144449E+08   0.144158E+08  -0.325382E+00   0.729090E+07   0.729076E+07   0.355935E+01
   0.133288E-01   0.142558E+08   0.142387E+08  -0.238981E+04  -0.239080E+04   0.803868E+07   0.142236E+08   0.142530E+08   0.142236E+08  -0.321044E+00   0.719382E+07   0.719367E+07   0.362375E+01
   0.137806E-01   0.140599E+08   0.140419E+08  -0.220513E+04  -0.220604E+04   0.778666E+07   0.140272E+08   0.140569E+08   0.140272E+08  -0.316612E+00   0.709465E+07   0.709449E+07   0.368708E+01
   0.142477E-01   0.138598E+08   0.138408E+08  -0.203371E+04  -0.203455E+04   0.753517E+07   0.138267E+08   0.138567E+08   0.138267E+08  -0.312087E+00   0.699337E+07   0.699321E+07   0.374906E+01
   0.147306E-01   0.136556E+08   0.136355E+08  -0.187465E+04  -0.187543E+04   0.728449E+07   0.136221E+08   0.136522E+08   0.136221E+08  -0.307468E+00   0.688999E+07   0.688982E+07   0.380941E+01
   0.152299E-01   0.134472E+08   0.134260E+08  -0.172711E+04  -0.172783E+04   0.703509E+07   0.134133E+08   0.134436E+08   0.134133E+08  -0.302755E+00   0.678451E+07   0.678433E+07   0.386781E+01
   0.157462E-01   0.132346E+08   0.132123E+08  -0.159030E+04  -0.159096E+04   0.678751E+07   0.132003E+08   0.132308E+08   0.132003E+08  -0.297948E+00   0.667692E+07   0.667674E+07   0.392391E+01
   0.162799E-01   0.130178E+08   0.129944E+08  -0.146348E+04  -0.146409E+04   0.654209E+07   0.129833E+08   0.130139E+08   0.129832E+08  -0.293048E+00   0.656725E+07   0.656705E+07   0.397734E+01
   0.168317E-01   0.127969E+08   0.127724E+08  -0.134597E+04  -0.134653E+04   0.629898E+07   0.127621E+08   0.127928E+08   0.127621E+08  -0.288056E+00   0.645550E+07   0.645530E+07   0.402772E+01
   0.174022E-01   0.125720E+08   0.125462E+08  -0.123713E+04  -0.123764E+04   0.605828E+07   0.125369E+08   0.125677E+08   0.125369E+08  -0.282973E+00   0.634170E+07   0.634149E+07   0.407460E+01
   0.179921E-01   0.123431E+08   0.123160E+08  -0.113636E+04  -0.113683E+04   0.582017E+07   0.123077E+08   0.123385E+08   0.123077E+08  -0.277800E+00   0.622590E+07   0.622568E+07   0.411755E+01
   0.186019E-01   0.121102E+08   0.120819E+08  -0.104310E+04  -0.104353E+04   0.558491E+07   0.120746E+08   0.121055E+08   0.120746E+08  -0.272539E+00   0.610812E+07   0.610789E+07   0.415609E+01
   0.192324E-01   0.118736E+08   0.118440E+08  -0.956828E+03  -0.957224E+03   0.535282E+07   0.118378E+08   0.118686E+08   0.118378E+08  -0.267194E+00   0.598844E+07   0.598820E+07   0.418971E+01
   0.198843E-01   0.116333E+08   0.116023E+08  -0.877069E+03  -0.877432E+03   0.512430E+07   0.115973E+08   0.116281E+08   0.115973E+08  -0.261766E+00   0.586691E+07   0.586665E+07   0.421788E+01
   0.205583E-01   0.113895E+08   0.113572E+08  -0.803368E+03  -0.803700E+03   0.489968E+07   0.113534E+08   0.113840E+08   0.113534E+08  -0.256259E+00   0.574361E+07   0.574335E+07   0.424005E+01
   0.212551E-01   0.111423E+08   0.111087E+08  -0.735303E+03  -0.735606E+03   0.467910E+07   0.111061E+08   0.111367E+08   0.111061E+08  -0.250679E+00   0.561865E+07   0.561838E+07   0.425566E+01
   0.219755E-01   0.108921E+08   0.108571E+08  -0.672482E+03  -0.672760E+03   0.446269E+07   0.108558E+08   0.108862E+08   0.108558E+08  -0.245029E+00   0.549214E+07   0.549185E+07   0.426412E+01
   0.227204E-01   0.106390E+08   0.106027E+08  -0.614540E+03  -0.614793E+03   0.425074E+07   0.106027E+08   0.106329E+08   0.106027E+08  -0.239317E+00   0.536420E+07   0.536391E+07   0.426484E+01
   0.234905E-01   0.103834E+08   0.103458E+08  -0.561135E+03  -0.561366E+03   0.404365E+07   0.103472E+08   0.103771E+08   0.103472E+08  -0.233548E+00   0.523500E+07   0.523470E+07   0.425721E+01
   0.242867E-01   0.101257E+08   0.100867E+08  -0.511949E+03  -0.512160E+03   0.384168E+07   0.100894E+08   0.101191E+08   0.100894E+08  -0.227731E+00   0.510472E+07   0.510441E+07   0.424064E+01
   0.251099E-01   0.986610E+07   0.982591E+07  -0.466687E+03  -0.466879E+03   0.364497E+07   0.982994E+07   0.985935E+07   0.982994E+07  -0.221874E+00   0.497353E+07   0.497321E+07   0.421455E+01
   0.259610E-01   0.960517E+07   0.956379E+07  -0.425071E+03  -0.425246E+03   0.345370E+07   0.956914E+07   0.959822E+07   0.956914E+07  -0.215987E+00   0.484168E+07   0.484135E+07   0.417836E+01
   0.268410E-01   0.934337E+07   0.930086E+07  -0.386844E+03  -0.387004E+03   0.326808E+07   0.930752E+07   0.933623E+07   0.930752E+07  -0.210082E+00   0.470940E+07   0.470907E+07   0.413155E+01
   0.277508E-01   0.908125E+07   0.903770E+07  -0.351766E+03  -0.351911E+03   0.308843E+07   0.904561E+07   0.907394E+07   0.904561E+07  -0.204171E+00   0.457698E+07   0.457664E+07   0.407362E+01
   0.286914E-01   0.881940E+07   0.877490E+07  -0.319612E+03  -0.319743E+03   0.291491E+07   0.878402E+07   0.881193E+07   0.878402E+07  -0.198266E+00   0.444470E+07   0.444436E+07   0.400415E+01
   0.296639E-01   0.855847E+07   0.851314E+07  -0.290171E+03  -0.290291E+03   0.274757E+07   0.852339E+07   0.855086E+07   0.852339E+07  -0.192383E+00   0.431291E+07   0.431256E+07   0.392279E+01
   0.306693E-01   0.829915E+07   0.825312E+07  -0.263249E+03  -0.263358E+03   0.258664E+07   0.826442E+07   0.829142E+07   0.826442E+07  -0.186538E+00   0.418196E+07   0.418160E+07   0.382927E+01
   0.317089E-01   0.804219E+07   0.799561E+07  -0.238661E+03  -0.238760E+03   0.243230E+07   0.800786E+07   0.803437E+07   0.800786E+07  -0.180747E+00   0.405221E+07   0.405186E+07   0.372346E+01
   0.327837E-01   0.778837E+07   0.774142E+07  -0.216237E+03  -0.216326E+03   0.228463E+07   0.775448E+07   0.778049E+07   0.775448E+07  -0.175028E+00   0.392407E+07   0.392371E+07   0.360533E+01
   0.338949E-01   0.753851E+07   0.749137E+07  -0.195814E+03  -0.195895E+03   0.214368E+07   0.750510E+07   0.753060E+07   0.750510E+07  -0.169399E+00   0.379795E+07   0.379760E+07   0.347503E+01
   0.350437E-01   0.729344E+07   0.724632E+07  -0.177242E+03  -0.177315E+03   0.200956E+07   0.726056E+07   0.728553E+07   0.726056E+07  -0.163880E+00   0.367427E+07   0.367392E+07   0.333287E+01
   0.362315E-01   0.705401E+07   0.700711E+07  -0.160379E+03  -0.160445E+03   0.188231E+07   0.702170E+07   0.704613E+07   0.702170E+07  -0.158488E+00   0.355346E+07   0.355311E+07   0.317935E+01
   0.374596E-01   0.681927E+07   0.677284E+07  -0.145054E+03  -0.145113E+03   0.176139E+07   0.678758E+07   0.681148E+07   0.678758E+07  -0.153204E+00   0.343504E+07   0.343470E+07   0.301539E+01
   0.387293E-01   0.659156E+07   0.654584E+07  -0.131177E+03  -0.131231E+03   0.164726E+07   0.656052E+07   0.658388E+07   0.656052E+07  -0.148079E+00   0.332019E+07   0.331986E+07   0.284177E+01
   0.400421E-01   0.637190E+07   0.632712E+07  -0.118637E+03  -0.118686E+03   0.153990E+07   0.634155E+07   0.636438E+07   0.634155E+07  -0.143137E+00   0.320943E+07   0.320911E+07   0.265966E+01
   0.413993E-01   0.616111E+07   0.611754E+07  -0.107324E+03  -0.107368E+03   0.143918E+07   0.613149E+07   0.615380E+07   0.613149E+07  -0.138395E+00   0.310318E+07   0.310287E+07   0.247049E+01
   0.428025E-01   0.595986E+07   0.591774E+07  -0.971313E+02  -0.971713E+02   0.134500E+07   0.593098E+07   0.595279E+07   0.593098E+07  -0.133870E+00   0.300175E+07   0.300146E+07   0.227597E+01
   0.442533E-01   0.576853E+07   0.572810E+07  -0.879585E+02  -0.879947E+02   0.125712E+07   0.574042E+07   0.576174E+07   0.574042E+07  -0.129568E+00   0.290535E+07   0.290508E+07   0.207804E+01
   0.457533E-01   0.558723E+07   0.554871E+07  -0.797080E+02  -0.797408E+02   0.117522E+07   0.555991E+07   0.558076E+07   0.555991E+07  -0.125494E+00   0.281404E+07   0.281378E+07   0.187889E+01
   0.473041E-01   0.541578E+07   0.537938E+07  -0.722874E+02  -0.723171E+02   0.109900E+07   0.538927E+07   0.540967E+07   0.538927E+07  -0.121642E+00   0.272771E+07   0.272748E+07   0.168094E+01
   0.489075E-01   0.525373E+07   0.521962E+07  -0.656097E+02  -0.656367E+02   0.102805E+07   0.522803E+07   0.524800E+07   0.522803E+07  -0.118003E+00   0.264615E+07   0.264593E+07   0.148675E+01
   0.505652E-01   0.510041E+07   0.506871E+07  -0.595945E+02  -0.596191E+02   0.961971E+06   0.507552E+07   0.509508E+07   0.507552E+07  -0.114561E+00   0.256899E+07   0.256880E+07   0.129900E+01
   0.522791E-01   0.495496E+07   0.492576E+07  -0.541684E+02  -0.541907E+02   0.900332E+06   0.493090E+07   0.495006E+07   0.493090E+07  -0.111296E+00   0.249583E+07   0.249565E+07   0.112037E+01
   0.540511E-01   0.481650E+07   0.478982E+07  -0.492654E+02  -0.492856E+02   0.842753E+06   0.479323E+07   0.481202E+07   0.479323E+07  -0.108189E+00   0.242618E+07   0.242603E+07   0.953565E+00
   0.558832E-01   0.468401E+07   0.465984E+07  -0.448264E+02  -0.448449E+02   0.788848E+06   0.466153E+07   0.467995E+07   0.466153E+07  -0.105217E+00   0.235955E+07   0.235942E+07   0.801057E+00
   0.577774E-01   0.455647E+07   0.453471E+07  -0.407992E+02  -0.408159E+02   0.738270E+06   0.453477E+07   0.455282E+07   0.453477E+07  -0.102355E+00   0.229542E+07   0.229530E+07   0.665088E+00
   0.605007E-01   0.439171E+07   0.437300E+07  -0.358699E+02  -0.358847E+02   0.674049E+06   0.437099E+07   0.438857E+07   0.437099E+07  -0.986586E-01   0.221256E+07   0.221246E+07   0.507467E+00
   0.632240E-01   0.423382E+07   0.421760E+07  -0.316706E+02  -0.316837E+02   0.616519E+06   0.421399E+07   0.423110E+07   0.421399E+07  -0.951150E-01   0.213312E+07   0.213305E+07   0.393045E+00
   0.659473E-01   0.408160E+07   0.406724E+07  -0.280663E+02  -0.280778E+02   0.564732E+06   0.406256E+07   0.407919E+07   0.406256E+07  -0.916969E-01   0.205650E+07   0.205644E+07   0.317420E+00
   0.686706E-01   0.393140E+07   0.391828E+07  -0.249347E+02  -0.249449E+02   0.517556E+06   0.391305E+07   0.392920E+07   0.391305E+07  -0.883224E-01   0.198085E+07   0.198079E+07   0.275155E+00
   0.713939E-01   0.378098E+07   0.376850E+07  -0.221880E+02  -0.221971E+02   0.474222E+06   0.376325E+07   0.377889E+07   0.376325E+07  -0.849411E-01   0.190504E+07   0.190499E+07   0.259956E+00
   0.741172E-01   0.362961E+07   0.361724E+07  -0.197644E+02  -0.197725E+02   0.434254E+06   0.361242E+07   0.362753E+07   0.361242E+07  -0.815367E-01   0.182872E+07   0.182866E+07   0.265141E+00
   0.768405E-01   0.347788E+07   0.346522E+07  -0.176202E+02  -0.176275E+02   0.397389E+06   0.346118E+07   0.347575E+07   0.346118E+07  -0.781232E-01   0.175218E+07   0.175211E+07   0.284053E+00
   0.795638E-01   0.332729E+07   0.331404E+07  -0.157233E+02  -0.157298E+02   0.363492E+06   0.331105E+07   0.332506E+07   0.331105E+07  -0.747344E-01   0.167620E+07   0.167612E+07   0.310478E+00
   0.822872E-01   0.317973E+07   0.316572E+07  -0.140479E+02  -0.140537E+02   0.332476E+06   0.316392E+07   0.317738E+07   0.316392E+07  -0.714135E-01   0.160173E+07   0.160165E+07   0.338933E+00
   0.850105E-01   0.303710E+07   0.302228E+07  -0.125717E+02  -0.125769E+02   0.304255E+06   0.302169E+07   0.303461E+07   0.302169E+07  -0.682033E-01   0.152975E+07   0.152966E+07   0.364899E+00
   0.877338E-01   0.290108E+07   0.288550E+07  -0.112745E+02  -0.112792E+02   0.278724E+06   0.288607E+07   0.289846E+07   0.288607E+07  -0.651420E-01   0.146111E+07   0.146100E+07   0.384946E+00
   0.904571E-01   0.277310E+07   0.275692E+07  -0.101378E+02  -0.101420E+02   0.255751E+06   0.275848E+07   0.277038E+07   0.275848E+07  -0.622623E-01   0.139653E+07   0.139642E+07   0.396772E+00
   0.931804E-01   0.265435E+07   0.263780E+07  -0.914468E+01  -0.914844E+01   0.235203E+06   0.264013E+07   0.265157E+07   0.264013E+07  -0.595910E-01   0.133663E+07   0.133651E+07   0.399173E+00
   0.959037E-01   0.254578E+07   0.252913E+07  -0.827961E+01  -0.828301E+01   0.216929E+06   0.253198E+07   0.254298E+07   0.253198E+07  -0.571498E-01   0.128188E+07   0.128177E+07   0.391931E+00
   0.986270E-01   0.244801E+07   0.243154E+07  -0.752814E+01  -0.753123E+01   0.200762E+06   0.243462E+07   0.244525E+07   0.243462E+07  -0.549524E-01   0.123260E+07   0.123249E+07   0.375677E+00
   0.101350E+00   0.236120E+07   0.234519E+07  -0.687641E+01  -0.687924E+01   0.186519E+06   0.234823E+07   0.235851E+07   0.234823E+07  -0.530025E-01   0.118887E+07   0.118877E+07   0.351706E+00
   0.104074E+00   0.228497E+07   0.226968E+07  -0.631102E+01  -0.631362E+01   0.173990E+06   0.227242E+07   0.228240E+07   0.227242E+07  -0.512913E-01   0.115050E+07   0.115040E+07   0.321788E+00
   0.106797E+00   0.221842E+07   0.220405E+07  -0.581910E+01  -0.582149E+01   0.162955E+06   0.220629E+07   0.221600E+07   0.220629E+07  -0.497986E-01   0.111702E+07   0.111693E+07   0.287960E+00
   0.109520E+00   0.216023E+07   0.214693E+07  -0.538862E+01  -0.539083E+01   0.153183E+06   0.214851E+07   0.215800E+07   0.214851E+07  -0.484945E-01   0.108778E+07   0.108770E+07   0.252343E+00
   0.112244E+00   0.210884E+07   0.209667E+07  -0.500870E+01  -0.501076E+01   0.144454E+06   0.209751E+07   0.210680E+07   0.209751E+07  -0.473434E-01   0.106196E+07   0.106189E+07   0.216964E+00
   0.114967E+00   0.206255E+07   0.205153E+07  -0.466986E+01  -0.467178E+01   0.136568E+06   0.205159E+07   0.206070E+07   0.205159E+07  -0.463070E-01   0.103872E+07   0.103865E+07   0.183625E+00
   0.117690E+00   0.201969E+07   0.200977E+07  -0.436405E+01  -0.436584E+01   0.129346E+06   0.200909E+07   0.201803E+07   0.200909E+07  -0.453476E-01   0.101720E+07   0.101715E+07   0.153795E+00
   0.120414E+00   0.197869E+07   0.196976E+07  -0.408461E+01  -0.408629E+01   0.122638E+06   0.196842E+07   0.197719E+07   0.196842E+07  -0.444296E-01   0.996614E+06   0.996567E+06   0.128547E+00
   0.123137E+00   0.193816E+07   0.193006E+07  -0.382621E+01  -0.382778E+01   0.116320E+06   0.192818E+07   0.193680E+07   0.192818E+07  -0.435214E-01   0.976246E+06   0.976206E+06   0.108532E+00
   0.125860E+00   0.189693E+07   0.188950E+07  -0.358476E+01  -0.358623E+01   0.110299E+06   0.188724E+07   0.189569E+07   0.188724E+07  -0.425972E-01   0.955520E+06   0.955484E+06   0.939808E-01
   0.128583E+00   0.185422E+07   0.184725E+07  -0.335735E+01  -0.335873E+01   0.104510E+06   0.184478E+07   0.185305E+07   0.184478E+07  -0.416388E-01   0.934025E+06   0.933993E+06   0.847357E-01
   0.131307E+00   0.180961E+07   0.180290E+07  -0.314217E+01  -0.314346E+01   0.989167E+05   0.180039E+07   0.180848E+07   0.180039E+07  -0.406370E-01   0.911556E+06   0.911524E+06   0.803106E-01
   0.134030E+00   0.176307E+07   0.175647E+07  -0.293828E+01  -0.293949E+01   0.935089E+05   0.175407E+07   0.176196E+07   0.175407E+07  -0.395915E-01   0.888107E+06   0.888075E+06   0.799616E-01
   0.136753E+00   0.171496E+07   0.170829E+07  -0.274540E+01  -0.274653E+01   0.882947E+05   0.170615E+07   0.171384E+07   0.170615E+07  -0.385099E-01   0.863848E+06   0.863814E+06   0.827718E-01
   0.139477E+00   0.166583E+07   0.165898E+07  -0.256360E+01  -0.256465E+01   0.832924E+05   0.165720E+07   0.166468E+07   0.165720E+07  -0.374050E-01   0.839067E+06   0.839030E+06   0.877380E-01
   0.142200E+00   0.161637E+07   0.160927E+07  -0.239307E+01  -0.239405E+01   0.785230E+05   0.160791E+07   0.161518E+07   0.160791E+07  -0.362924E-01   0.814114E+06   0.814074E+06   0.938519E-01
   0.144923E+00   0.156730E+07   0.155990E+07  -0.223397E+01  -0.223489E+01   0.740073E+05   0.155900E+07   0.156606E+07   0.155900E+07  -0.351884E-01   0.789353E+06   0.789310E+06   0.100172E+00
   0.147647E+00   0.151932E+07   0.151162E+07  -0.208636E+01  -0.208722E+01   0.697624E+05   0.151117E+07   0.151803E+07   0.151117E+07  -0.341090E-01   0.765142E+06   0.765096E+06   0.105880E+00
   0.150370E+00   0.147310E+07   0.146514E+07  -0.195022E+01  -0.195102E+01   0.658004E+05   0.146511E+07   0.147176E+07   0.146511E+07  -0.330692E-01   0.741821E+06   0.741771E+06   0.110322E+00
   0.153093E+00   0.142925E+07   0.142110E+07  -0.182540E+01  -0.182615E+01   0.621305E+05   0.142142E+07   0.142788E+07   0.142142E+07  -0.320832E-01   0.719704E+06   0.719652E+06   0.113029E+00
   0.155817E+00   0.138833E+07   0.138007E+07  -0.171166E+01  -0.171236E+01   0.587568E+05   0.138065E+07   0.138694E+07   0.138065E+07  -0.311630E-01   0.699066E+06   0.699013E+06   0.113732E+00
   0.158540E+00   0.135073E+07   0.134247E+07  -0.160858E+01  -0.160924E+01   0.556765E+05   0.134322E+07   0.134935E+07   0.134322E+07  -0.303182E-01   0.680116E+06   0.680063E+06   0.112350E+00
   0.161263E+00   0.131670E+07   0.130853E+07  -0.151554E+01  -0.151616E+01   0.528797E+05   0.130936E+07   0.131533E+07   0.130936E+07  -0.295537E-01   0.662969E+06   0.662917E+06   0.108976E+00
   0.163987E+00   0.128621E+07   0.127823E+07  -0.143170E+01  -0.143229E+01   0.503468E+05   0.127903E+07   0.128487E+07   0.127903E+07  -0.288693E-01   0.647616E+06   0.647565E+06   0.103849E+00
   0.166710E+00   0.125905E+07   0.125135E+07  -0.135609E+01  -0.135665E+01   0.480523E+05   0.125203E+07   0.125776E+07   0.125203E+07  -0.282599E-01   0.633949E+06   0.633900E+06   0.973208E-01
   0.169433E+00   0.123482E+07   0.122746E+07  -0.128763E+01  -0.128815E+01   0.459659E+05   0.122796E+07   0.123358E+07   0.122796E+07  -0.277166E-01   0.621762E+06   0.621716E+06   0.898123E-01
   0.172156E+00   0.121300E+07   0.120604E+07  -0.122523E+01  -0.122573E+01   0.440555E+05   0.120630E+07   0.121183E+07   0.120630E+07  -0.272277E-01   0.610796E+06   0.610754E+06   0.817781E-01
   0.174880E+00   0.119304E+07   0.118651E+07  -0.116789E+01  -0.116836E+01   0.422901E+05   0.118650E+07   0.119194E+07   0.118650E+07  -0.267808E-01   0.600770E+06   0.600732E+06   0.736672E-01
   0.177603E+00   0.117440E+07   0.116829E+07  -0.111471E+01  -0.111517E+01   0.406423E+05   0.116801E+07   0.117337E+07   0.116801E+07  -0.263634E-01   0.591409E+06   0.591374E+06   0.658909E-01
   0.180326E+00   0.115656E+07   0.115086E+07  -0.106493E+01  -0.106536E+01   0.390877E+05   0.115032E+07   0.115560E+07   0.115032E+07  -0.259641E-01   0.582452E+06   0.582420E+06   0.587975E-01
   0.183050E+00   0.113906E+07   0.113373E+07  -0.101789E+01  -0.101830E+01   0.376055E+05   0.113296E+07   0.113817E+07   0.113296E+07  -0.255722E-01   0.573661E+06   0.573633E+06   0.526551E-01
   0.185773E+00   0.112148E+07   0.111647E+07  -0.973053E+00  -0.973452E+00   0.361784E+05   0.111551E+07   0.112064E+07   0.111551E+07  -0.251784E-01   0.564828E+06   0.564801E+06   0.476416E-01
   0.188496E+00   0.110349E+07   0.109873E+07  -0.930004E+00  -0.930386E+00   0.347930E+05   0.109763E+07   0.110269E+07   0.109763E+07  -0.247750E-01   0.555777E+06   0.555752E+06   0.438421E-01
   0.191220E+00   0.108483E+07   0.108025E+07  -0.888441E+00  -0.888806E+00   0.334399E+05   0.107909E+07   0.108406E+07   0.107909E+07  -0.243563E-01   0.546386E+06   0.546362E+06   0.412530E-01
   0.193943E+00   0.106537E+07   0.106091E+07  -0.848193E+00  -0.848541E+00   0.321142E+05   0.105974E+07   0.106462E+07   0.105974E+07  -0.239196E-01   0.536591E+06   0.536568E+06   0.397919E-01
   0.196666E+00   0.104514E+07   0.104073E+07  -0.809202E+00  -0.809534E+00   0.308152E+05   0.103960E+07   0.104440E+07   0.103960E+07  -0.234651E-01   0.526395E+06   0.526372E+06   0.393114E-01
   0.199390E+00   0.102424E+07   0.101983E+07  -0.771504E+00  -0.771821E+00   0.295456E+05   0.101880E+07   0.102350E+07   0.101880E+07  -0.229955E-01   0.515862E+06   0.515838E+06   0.396169E-01
   0.202113E+00   0.100289E+07   0.998436E+06  -0.735193E+00  -0.735495E+00   0.283105E+05   0.997531E+06   0.100214E+07   0.997531E+06  -0.225155E-01   0.505096E+06   0.505071E+06   0.404852E-01
   0.204836E+00   0.981338E+06   0.976814E+06  -0.700382E+00  -0.700670E+00   0.271156E+05   0.976066E+06   0.980578E+06   0.976066E+06  -0.220310E-01   0.494228E+06   0.494202E+06   0.416832E-01
   0.207559E+00   0.959859E+06   0.955248E+06  -0.667181E+00  -0.667455E+00   0.259663E+05   0.954669E+06   0.959085E+06   0.954669E+06  -0.215480E-01   0.483395E+06   0.483368E+06   0.429855E-01
   0.210283E+00   0.938723E+06   0.934023E+06  -0.635685E+00  -0.635946E+00   0.248681E+05   0.933613E+06   0.937934E+06   0.933613E+06  -0.210728E-01   0.472734E+06   0.472706E+06   0.441891E-01
   0.213006E+00   0.918181E+06   0.913403E+06  -0.605965E+00  -0.606213E+00   0.238250E+05   0.913150E+06   0.917379E+06   0.913150E+06  -0.206109E-01   0.462373E+06   0.462344E+06   0.451247E-01
   0.221525E+00   0.860095E+06   0.855244E+06  -0.524790E+00  -0.525005E+00   0.209464E+05   0.855313E+06   0.859280E+06   0.855313E+06  -0.193055E-01   0.433090E+06   0.433060E+06   0.451790E-01
   0.230385E+00   0.812464E+06   0.807893E+06  -0.458343E+00  -0.458531E+00   0.185641E+05   0.807943E+06   0.811696E+06   0.807943E+06  -0.182363E-01   0.409105E+06   0.409077E+06   0.403174E-01
   0.239599E+00   0.774327E+06   0.770297E+06  -0.403909E+00  -0.404075E+00   0.165940E+05   0.770067E+06   0.773650E+06   0.770067E+06  -0.173814E-01   0.389928E+06   0.389904E+06   0.326261E-01
   0.249182E+00   0.739433E+06   0.735935E+06  -0.356644E+00  -0.356790E+00   0.148562E+05   0.735419E+06   0.738846E+06   0.735419E+06  -0.165993E-01   0.372384E+06   0.372365E+06   0.259326E-01
   0.259148E+00   0.702045E+06   0.698831E+06  -0.313081E+00  -0.313210E+00   0.132177E+05   0.698248E+06   0.701506E+06   0.698248E+06  -0.157603E-01   0.353564E+06   0.353546E+06   0.227870E-01
   0.269513E+00   0.660477E+06   0.657285E+06  -0.272320E+00  -0.272432E+00   0.116473E+05   0.656873E+06   0.659941E+06   0.656873E+06  -0.148264E-01   0.332614E+06   0.332596E+06   0.226771E-01
   0.280292E+00   0.618763E+06   0.615533E+06  -0.235867E+00  -0.235963E+00   0.102162E+05   0.615343E+06   0.618221E+06   0.615343E+06  -0.138890E-01   0.311587E+06   0.311567E+06   0.229063E-01
   0.291502E+00   0.582130E+06   0.579014E+06  -0.205162E+00  -0.205247E+00   0.899561E+04   0.578897E+06   0.581607E+06   0.578897E+06  -0.130664E-01   0.293132E+06   0.293114E+06   0.212962E-01
   0.303160E+00   0.551596E+06   0.548767E+06  -0.179745E+00  -0.179819E+00   0.797511E+04   0.548551E+06   0.551121E+06   0.548551E+06  -0.123815E-01   0.277767E+06   0.277750E+06   0.180870E-01
   0.315285E+00   0.523781E+06   0.521240E+06  -0.157815E+00  -0.157879E+00   0.708291E+04   0.520911E+06   0.523354E+06   0.520911E+06  -0.117576E-01   0.263771E+06   0.263757E+06   0.152000E-01
   0.327895E+00   0.494683E+06   0.492288E+06  -0.137806E+00  -0.137863E+00   0.625393E+04   0.491971E+06   0.494281E+06   0.491971E+06  -0.111044E-01   0.249118E+06   0.249104E+06   0.138661E-01
   0.341009E+00   0.464603E+06   0.462255E+06  -0.119661E+00  -0.119710E+00   0.548906E+04   0.462038E+06   0.464209E+06   0.462038E+06  -0.104288E-01   0.233961E+06   0.233948E+06   0.134110E-01
   0.354648E+00   0.436787E+06   0.434527E+06  -0.104010E+00  -0.104053E+00   0.482088E+04   0.434365E+06   0.436408E+06   0.434365E+06  -0.980416E-02   0.219949E+06   0.219936E+06   0.124943E-01
   0.368832E+00   0.412581E+06   0.410494E+06  -0.908376E-01  -0.908748E-01   0.425275E+04   0.410300E+06   0.412230E+06   0.410300E+06  -0.926096E-02   0.207764E+06   0.207751E+06   0.109205E-01
   0.383583E+00   0.390012E+06   0.388090E+06  -0.793934E-01  -0.794260E-01   0.375313E+04   0.387862E+06   0.389689E+06   0.387862E+06  -0.875453E-02   0.196402E+06   0.196391E+06   0.955901E-02
   0.398924E+00   0.367221E+06   0.365393E+06  -0.691152E-01  -0.691436E-01   0.329791E+04   0.365193E+06   0.366914E+06   0.365193E+06  -0.824286E-02   0.184924E+06   0.184913E+06   0.882456E-02
   0.414879E+00   0.345144E+06   0.343390E+06  -0.600594E-01  -0.600840E-01   0.289174E+04   0.343231E+06   0.344849E+06   0.343231E+06  -0.774714E-02   0.173803E+06   0.173793E+06   0.821018E-02
   0.431472E+00   0.325166E+06   0.323525E+06  -0.523155E-01  -0.523369E-01   0.254085E+04   0.323365E+06   0.324891E+06   0.323365E+06  -0.729875E-02   0.163744E+06   0.163734E+06   0.734738E-02
   0.448729E+00   0.306621E+06   0.305094E+06  -0.456113E-01  -0.456300E-01   0.223387E+04   0.304925E+06   0.306365E+06   0.304925E+06  -0.688254E-02   0.154406E+06   0.154398E+06   0.653014E-02
   0.466676E+00   0.288505E+06   0.287060E+06  -0.396792E-01  -0.396955E-01   0.195905E+04   0.286907E+06   0.288262E+06   0.286907E+06  -0.647585E-02   0.145283E+06   0.145274E+06   0.596969E-02
   0.485340E+00   0.271286E+06   0.269917E+06  -0.344965E-01  -0.345106E-01   0.171643E+04   0.269781E+06   0.271056E+06   0.269781E+06  -0.608930E-02   0.136611E+06   0.136603E+06   0.545051E-02
   0.504751E+00   0.255393E+06   0.254113E+06  -0.300261E-01  -0.300385E-01   0.150518E+04   0.253978E+06   0.255178E+06   0.253978E+06  -0.573258E-02   0.128608E+06   0.128601E+06   0.488420E-02
   0.524939E+00   0.240311E+06   0.239108E+06  -0.261219E-01  -0.261326E-01   0.131889E+04   0.238979E+06   0.240109E+06   0.238979E+06  -0.539404E-02   0.121013E+06   0.121006E+06   0.441003E-02
   0.545934E+00   0.225906E+06   0.224770E+06  -0.227038E-01  -0.227131E-01   0.115423E+04   0.224652E+06   0.225715E+06   0.224652E+06  -0.507068E-02   0.113759E+06   0.113752E+06   0.401187E-02
   0.567768E+00   0.212444E+06   0.211378E+06  -0.197403E-01  -0.197484E-01   0.101023E+04   0.211265E+06   0.212265E+06   0.211265E+06  -0.476851E-02   0.106980E+06   0.106974E+06   0.361606E-02
   0.590476E+00   0.199746E+06   0.198745E+06  -0.171605E-01  -0.171675E-01   0.883792E+03   0.198638E+06   0.199578E+06   0.198638E+06  -0.448350E-02   0.100586E+06   0.100580E+06   0.326399E-02
   0.614092E+00   0.187705E+06   0.186763E+06  -0.149096E-01  -0.149157E-01   0.772555E+03   0.186663E+06   0.187547E+06   0.186663E+06  -0.421321E-02   0.945221E+05   0.945167E+05   0.295646E-02
   0.638652E+00   0.176401E+06   0.175516E+06  -0.129548E-01  -0.129601E-01   0.675191E+03   0.175421E+06   0.176252E+06   0.175421E+06  -0.395947E-02   0.888296E+05   0.888245E+05   0.266715E-02
   0.797580E+00   0.123555E+06   0.122936E+06  -0.581809E-02  -0.582047E-02   0.312031E+03   0.122868E+06   0.123451E+06   0.122868E+06  -0.277329E-02   0.622181E+05   0.622145E+05   0.149562E-02
   0.996057E+00   0.860455E+05   0.856145E+05  -0.259797E-02  -0.259904E-02   0.142426E+03   0.855669E+05   0.859731E+05   0.855669E+05  -0.193135E-02   0.433296E+05   0.433271E+05   0.834161E-03
   0.124392E+01   0.596143E+05   0.593157E+05  -0.115409E-02  -0.115457E-02   0.643228E+02   0.592826E+05   0.595642E+05   0.592826E+05  -0.133808E-02   0.300197E+05   0.300180E+05   0.463197E-03
   0.155347E+01   0.411097E+05   0.409038E+05  -0.510291E-03  -0.510500E-03   0.287880E+02   0.408809E+05   0.410751E+05   0.408809E+05  -0.922731E-03   0.207014E+05   0.207002E+05   0.256282E-03
   0.194005E+01   0.282298E+05   0.280884E+05  -0.224679E-03  -0.224772E-03   0.127863E+02   0.280726E+05   0.282060E+05   0.280726E+05  -0.633633E-03   0.142155E+05   0.142147E+05   0.141420E-03
   0.242283E+01   0.193112E+05   0.192145E+05  -0.985476E-04  -0.985880E-04   0.564279E+01   0.192036E+05   0.192949E+05   0.192036E+05  -0.433450E-03   0.972442E+04   0.972385E+04   0.779203E-04
   0.302575E+01   0.131643E+05   0.130984E+05  -0.430742E-04  -0.430918E-04   0.247687E+01   0.130910E+05   0.131532E+05   0.130910E+05  -0.295480E-03   0.662908E+04   0.662869E+04   0.429348E-04
   0.377871E+01   0.894566E+04   0.890083E+04  -0.187677E-04  -0.187754E-04   0.108229E+01   0.889584E+04   0.893813E+04   0.889584E+04  -0.200790E-03   0.450471E+04   0.450445E+04   0.237088E-04
   0.471904E+01   0.606132E+04   0.603092E+04  -0.815356E-05  -0.815690E-05   0.471096E+00   0.602755E+04   0.605621E+04   0.602755E+04  -0.136049E-03   0.305226E+04   0.305207E+04   0.131595E-04
   0.589336E+01   0.409609E+04   0.407553E+04  -0.353290E-05  -0.353435E-05   0.204381E+00   0.407327E+04   0.409264E+04   0.407327E+04  -0.919388E-04   0.206264E+04   0.206251E+04   0.737213E-05
   0.735992E+01   0.276130E+04   0.274741E+04  -0.152706E-05  -0.152768E-05   0.884148E-01   0.274591E+04   0.275897E+04   0.274591E+04  -0.619786E-04   0.139049E+04   0.139040E+04   0.419166E-05
   0.919143E+01   0.185730E+04   0.184792E+04  -0.658574E-06  -0.658844E-06   0.381508E-01   0.184694E+04   0.185573E+04   0.184694E+04  -0.416878E-04   0.935265E+03   0.935198E+03   0.243611E-05
   0.114787E+02   0.124666E+04   0.124034E+04  -0.283434E-06  -0.283551E-06   0.164250E-01   0.123970E+04   0.124560E+04   0.123970E+04  -0.279817E-04   0.627769E+03   0.627719E+03   0.145913E-05
   0.143352E+02   0.835177E+03   0.830906E+03  -0.121749E-06  -0.121799E-06   0.705664E-02   0.830511E+03   0.834460E+03   0.830511E+03  -0.187456E-04   0.420559E+03   0.420520E+03   0.908101E-06
   0.179025E+02   0.558506E+03   0.555614E+03  -0.522030E-07  -0.522244E-07   0.302613E-02   0.555379E+03   0.558020E+03   0.555379E+03  -0.125356E-04   0.281237E+03   0.281205E+03   0.590980E-06
   0.223575E+02   0.372859E+03   0.370891E+03  -0.223458E-07  -0.223550E-07   0.129548E-02   0.370765E+03   0.372528E+03   0.370765E+03  -0.836863E-05   0.187752E+03   0.187725E+03   0.403214E-06
   0.279211E+02   0.248523E+03   0.247173E+03  -0.955000E-08  -0.955392E-08   0.553647E-03   0.247121E+03   0.248296E+03   0.247121E+03  -0.557783E-05   0.125140E+03   0.125116E+03   0.287836E-06
   0.348692E+02   0.165395E+03   0.164457E+03  -0.407519E-08  -0.407686E-08   0.236258E-03   0.164455E+03   0.165237E+03   0.164455E+03  -0.371196E-05   0.832795E+02   0.832572E+02   0.213712E-06
   0.435464E+02   0.109907E+03   0.109242E+03  -0.173637E-08  -0.173708E-08   0.100655E-03   0.109276E+03   0.109795E+03   0.109276E+03  -0.246648E-05   0.553373E+02   0.553160E+02   0.163718E-06
   0.543829E+02   0.729235E+02   0.724395E+02  -0.738729E-09  -0.739032E-09   0.428175E-04   0.724976E+02   0.728423E+02   0.724976E+02  -0.163636E-05   0.367136E+02   0.366927E+02   0.128336E-06
   0.679160E+02   0.483080E+02   0.479434E+02  -0.313796E-09  -0.313924E-09   0.181841E-04   0.480185E+02   0.482468E+02   0.480185E+02  -0.108384E-05   0.243178E+02   0.242970E+02   0.102187E-06
   0.848168E+02   0.319455E+02   0.316592E+02  -0.133065E-09  -0.133119E-09   0.770838E-05   0.317464E+02   0.318974E+02   0.317464E+02  -0.716556E-06   0.160780E+02   0.160571E+02   0.821501E-07
   0.105923E+03   0.210819E+02   0.208470E+02  -0.563141E-10  -0.563372E-10   0.326068E-05   0.209429E+02   0.210425E+02   0.209429E+02  -0.472706E-06   0.106073E+02   0.105862E+02   0.663554E-07
   0.132282E+03   0.138776E+02   0.136764E+02  -0.237747E-10  -0.237844E-10   0.137536E-05   0.137783E+02   0.138439E+02   0.137783E+02  -0.310994E-06   0.697930E+01   0.695804E+01   0.536297E-07
   0.165201E+03   0.910562E+01   0.892696E+01  -0.100060E-10  -0.100101E-10   0.578094E-06   0.903267E+01   0.907562E+01   0.903267E+01  -0.203878E-06   0.457620E+01   0.455480E+01   0.432017E-07
   0.206311E+03   0.594887E+01   0.578627E+01  -0.419400E-11  -0.419570E-11   0.241844E-06   0.589354E+01   0.592157E+01   0.589354E+01  -0.133024E-06   0.298659E+01   0.296523E+01   0.345417E-07
   0.257651E+03   0.386438E+01   0.371471E+01  -0.174844E-11  -0.174914E-11   0.100557E-06   0.382108E+01   0.383925E+01   0.382108E+01  -0.862464E-07   0.193710E+01   0.191603E+01   0.272781E-07
   0.321767E+03   0.249194E+01   0.235467E+01  -0.723899E-12  -0.724188E-12   0.414653E-07   0.245721E+01   0.246889E+01   0.245721E+01  -0.554621E-07   0.124637E+01   0.122596E+01   0.211574E-07
   0.401838E+03   0.159298E+01   0.146939E+01  -0.297305E-12  -0.297422E-12   0.169266E-07   0.156479E+01   0.157223E+01   0.156479E+01  -0.353192E-07   0.794337E+00   0.775030E+00   0.160269E-07
   0.501835E+03   0.100940E+01   0.901592E+00  -0.121149E-12  -0.121196E-12   0.684417E-08   0.986607E+00   0.991298E+00   0.986607E+00  -0.222689E-07   0.501375E+00   0.483594E+00   0.118197E-07
   0.626716E+03   0.635612E+00   0.544986E+00  -0.491295E-13  -0.491481E-13   0.274465E-08   0.617460E+00   0.620396E+00   0.617460E+00  -0.139368E-07   0.314236E+00   0.298243E+00   0.851246E-08
   0.782674E+03   0.399722E+00   0.325690E+00  -0.199406E-13  -0.199479E-13   0.109997E-08   0.385459E+00   0.387292E+00   0.385459E+00  -0.870028E-08   0.196546E+00   0.182372E+00   0.604079E-08
   0.977441E+03   0.252030E+00   0.192363E+00  -0.813611E-14  -0.813894E-14   0.440369E-09   0.240866E+00   0.242012E+00   0.240866E+00  -0.543664E-08   0.123133E+00   0.110716E+00   0.423746E-08
   0.122068E+04   0.159381E+00   0.111988E+00  -0.333837E-14  -0.333947E-14   0.176281E-09   0.150707E+00   0.151424E+00   0.150707E+00  -0.340164E-08   0.772912E-01   0.666159E-01   0.291728E-08
   0.152444E+04   0.101173E+00   0.642254E-01  -0.137919E-14  -0.137961E-14   0.713867E-10   0.945195E-01   0.949690E-01   0.945195E-01  -0.213342E-08   0.486667E-01   0.396481E-01   0.197346E-08
   0.190380E+04   0.644928E-01   0.361647E-01  -0.573773E-15  -0.573930E-15   0.287915E-10   0.594536E-01   0.597364E-01   0.594536E-01  -0.134194E-08   0.307545E-01   0.232883E-01   0.130821E-08
   0.237755E+04   0.412816E-01   0.199530E-01  -0.240260E-15  -0.240318E-15   0.115535E-10   0.375220E-01   0.377004E-01   0.375220E-01  -0.846917E-09   0.195121E-01   0.134603E-01   0.849082E-09
   0.296920E+04   0.265267E-01   0.107623E-01  -0.101143E-15  -0.101164E-15   0.463576E-11   0.237667E-01   0.238797E-01   0.237667E-01  -0.536444E-09   0.124297E-01   0.763524E-02   0.538638E-09
   0.370809E+04   0.171053E-01   0.566487E-02  -0.427443E-16  -0.427519E-16   0.194569E-11   0.151126E-01   0.151844E-01   0.151126E-01  -0.341109E-09   0.795022E-02   0.424029E-02   0.333743E-09
   0.463084E+04   0.110637E-01   0.290648E-02  -0.181060E-16  -0.181086E-16   0.812192E-12   0.964819E-02   0.969406E-02   0.964819E-02  -0.217771E-09   0.510491E-02   0.230157E-02   0.201936E-09
   0.578322E+04   0.717404E-02   0.145339E-02  -0.767551E-17  -0.767640E-17   0.336022E-12   0.618411E-02   0.621352E-02   0.618411E-02  -0.139583E-09   0.328965E-02   0.121969E-02   0.119396E-09
   0.722237E+04   0.466114E-02   0.708748E-03  -0.325239E-17  -0.325269E-17   0.120610E-12   0.397860E-02   0.399751E-02   0.397860E-02  -0.898018E-10   0.212651E-02   0.630954E-03   0.690750E-10
   0.901965E+04   0.303296E-02   0.337534E-03  -0.137638E-17  -0.137647E-17   0.620736E-13   0.256817E-02   0.258039E-02   0.256817E-02  -0.579668E-10   0.137819E-02   0.318791E-03   0.391801E-10
   0.112642E+05   0.197559E-02   0.157301E-03  -0.581446E-18  -0.581477E-18   0.272778E-13   0.166238E-02   0.167029E-02   0.166238E-02  -0.375220E-10   0.895008E-03   0.157479E-03   0.218412E-10
